0.01 
0.00 
0.00 
0.01 
0.72 
0.99 
0.02 
0.03 
0.15 
0.23 
0.82 
1.19 
0.00 
0.00 
0.10 
0.12 
0.00 
0.00 
1.41 
2.24 
0.10 
0.11 
0.01 
0.01 
0.05 
0.06 
0.04 
0.08 
0.15 
0.16 
0.01 
0.00 
0.04 
0.04 
0.15 
0.27 
0.38 
0.54 
0.02 
0.04 
0.03 
0.05 
0.08 
0.27 
0.00 
0.04 
0.09 
0.09 
0.00 
0.00 
0.00 
0.00 
0.01 
0.73 
1.00 
0.03 
0.03 
0.14 
0.22 
0.77 
1.20 
0.00 
0.00 
0.09 
0.11 
0.01 
0.00 
1.40 
2.39 
0.10 
0.12 
0.01 
0.01 
0.04 
0.07 
0.04 
0.12 
0.13 
0.14 
0.00 
0.01 
0.03 
0.05 
0.14 
0.28 
0.38 
0.55 
0.03 
0.04 
0.03 
0.04 
0.16 
0.24 
0.00 
0.01 
0.04 
0.06 
0.00 
