0.00 
0.01 
0.00 
0.00 
0.70 
1.04 
0.03 
0.03 
0.15 
0.23 
0.77 
1.18 
0.00 
0.00 
0.09 
0.11 
0.00 
0.00 
1.31 
2.56 
0.10 
0.11 
0.01 
0.01 
0.05 
0.06 
0.04 
0.06 
0.18 
0.15 
0.00 
0.01 
0.03 
0.04 
0.15 
0.27 
0.42 
0.54 
0.03 
0.03 
0.03 
0.05 
0.09 
0.27 
0.00 
0.01 
0.05 
0.09 
0.01 
0.00 
0.00 
0.01 
0.00 
0.00 
0.00 
0.00 
0.01 
0.82 
1.07 
0.03 
0.03 
0.14 
0.23 
0.85 
1.27 
0.00 
0.00 
0.15 
0.11 
0.00 
0.01 
1.29 
2.23 
0.10 
0.11 
0.01 
0.01 
0.09 
0.12 
0.07 
0.05 
0.09 
0.14 
0.00 
0.00 
0.04 
0.05 
0.15 
0.33 
0.42 
0.60 
0.05 
0.04 
0.03 
0.05 
0.08 
0.14 
0.00 
0.02 
0.05 
0.09 
0.00 
