0.00 
0.01 
0.01 
0.19 
0.01 
0.01 
0.53 
0.26 
0.26 
0.29 
0.28 
0.30 
0.37 
0.23 
0.00 
0.01 
0.00 
0.01 
0.01 
0.20 
0.00 
0.02 
0.01 
0.00 
0.01 
0.24 
0.01 
0.01 
0.53 
0.27 
0.32 
0.31 
0.28 
0.30 
0.29 
0.29 
0.36 
0.00 
0.01 
0.01 
0.49 
0.00 
0.01 
0.43 
0.01 
0.01 
0.47 
0.25 
0.26 
0.24 
0.25 
0.26 
0.24 
0.24 
0.25 
0.29 
0.25 
0.25 
0.25 
0.25 
0.07 
0.01 
0.01 
0.35 
0.00 
0.01 
0.49 
0.00 
0.01 
0.17 
0.00 
0.01 
0.12 
0.01 
0.01 
0.00 
0.01 
0.01 
0.41 
0.17 
0.15 
0.08 
0.00 
0.02 
0.54 
0.29 
0.29 
0.31 
0.19 
0.01 
0.01 
0.39 
0.00 
0.01 
0.54 
0.01 
0.01 
0.01 
0.05 
0.00 
0.01 
0.01 
0.00 
0.02 
0.37 
0.01 
0.01 
0.01 
0.00 
0.01 
0.00 
0.00 
