0.00 
0.00 
0.01 
0.20 
0.01 
0.02 
0.51 
0.25 
0.28 
0.28 
0.29 
0.31 
0.29 
0.23 
0.01 
0.01 
0.00 
0.01 
0.01 
0.24 
0.00 
0.01 
0.01 
0.01 
0.01 
0.24 
0.01 
0.01 
0.53 
0.30 
0.29 
0.28 
0.28 
0.27 
0.28 
0.34 
0.28 
0.01 
0.00 
0.01 
0.55 
0.01 
0.01 
0.37 
0.01 
0.02 
0.48 
0.25 
0.24 
0.24 
0.29 
0.26 
0.25 
0.29 
0.25 
0.25 
0.25 
0.26 
0.25 
0.25 
0.07 
0.01 
0.01 
0.39 
0.00 
0.02 
0.58 
0.00 
0.01 
0.17 
0.00 
0.01 
0.14 
0.00 
0.01 
0.01 
0.01 
0.01 
0.40 
0.16 
0.16 
0.08 
0.01 
0.01 
0.54 
0.29 
0.28 
0.30 
0.19 
0.01 
0.01 
0.44 
0.01 
0.02 
0.45 
0.01 
0.00 
0.02 
0.05 
0.00 
0.02 
0.00 
0.01 
0.01 
0.38 
0.00 
0.01 
0.00 
0.01 
0.01 
0.00 
