0.00 
0.00 
0.02 
0.22 
0.03 
0.01 
0.55 
0.31 
0.26 
0.25 
0.28 
0.32 
0.30 
0.23 
0.00 
0.01 
0.01 
0.00 
0.01 
0.23 
0.00 
0.01 
0.02 
0.00 
0.01 
0.24 
0.01 
0.01 
0.51 
0.28 
0.28 
0.29 
0.30 
0.27 
0.30 
0.33 
0.29 
0.00 
0.01 
0.01 
0.57 
0.00 
0.01 
0.36 
0.01 
0.02 
0.47 
0.25 
0.25 
0.24 
0.25 
0.26 
0.25 
0.25 
0.24 
0.25 
0.26 
0.25 
0.26 
0.24 
0.07 
0.01 
0.01 
0.35 
0.01 
0.02 
0.46 
0.01 
0.01 
0.15 
0.00 
0.01 
0.15 
0.01 
0.01 
0.00 
0.01 
0.01 
0.40 
0.16 
0.16 
0.08 
0.06 
0.01 
0.59 
0.29 
0.28 
0.32 
0.20 
0.00 
0.01 
0.39 
0.01 
0.01 
0.52 
0.02 
0.00 
0.02 
0.05 
0.00 
0.01 
0.01 
0.00 
0.01 
0.37 
0.00 
0.02 
0.00 
0.01 
0.01 
0.00 
0.00 
