0.00 
0.01 
0.01 
0.20 
0.01 
0.01 
0.51 
0.25 
0.28 
0.26 
0.28 
0.30 
0.30 
0.23 
0.00 
0.01 
0.00 
0.01 
0.01 
0.21 
0.00 
0.01 
0.01 
0.00 
0.02 
0.30 
0.01 
0.01 
0.52 
0.28 
0.30 
0.28 
0.28 
0.28 
0.28 
0.29 
0.36 
0.01 
0.00 
0.02 
0.49 
0.01 
0.01 
0.38 
0.01 
0.01 
0.47 
0.25 
0.27 
0.24 
0.24 
0.27 
0.24 
0.25 
0.25 
0.27 
0.25 
0.25 
0.27 
0.26 
0.07 
0.01 
0.01 
0.34 
0.01 
0.01 
0.50 
0.00 
0.01 
0.15 
0.00 
0.02 
0.13 
0.01 
0.01 
0.00 
0.01 
0.01 
0.47 
0.16 
0.16 
0.08 
0.01 
0.01 
0.55 
0.29 
0.28 
0.32 
0.20 
0.00 
0.01 
0.39 
0.01 
0.01 
0.47 
0.01 
0.00 
0.01 
0.04 
0.01 
0.01 
0.01 
0.00 
0.01 
0.37 
0.00 
0.01 
0.01 
0.01 
0.01 
0.00 
0.00 
