0.00 
0.01 
0.01 
0.22 
0.01 
0.02 
0.49 
0.26 
0.28 
0.25 
0.28 
0.34 
0.30 
0.23 
0.00 
0.02 
0.00 
0.00 
0.01 
0.21 
0.00 
0.01 
0.02 
0.00 
0.01 
0.28 
0.01 
0.01 
0.51 
0.31 
0.30 
0.28 
0.32 
0.29 
0.29 
0.35 
0.29 
0.01 
0.00 
0.01 
0.49 
0.01 
0.01 
0.38 
0.01 
0.01 
0.48 
0.27 
0.28 
0.26 
0.28 
0.24 
0.24 
0.25 
0.27 
0.26 
0.26 
0.27 
0.25 
0.25 
0.07 
0.01 
0.01 
0.42 
0.01 
0.01 
0.47 
0.00 
0.02 
0.15 
0.01 
0.01 
0.14 
0.00 
0.01 
0.01 
0.01 
0.01 
0.40 
0.15 
0.16 
0.08 
0.00 
0.01 
0.53 
0.28 
0.33 
0.29 
0.20 
0.00 
0.02 
0.43 
0.01 
0.01 
0.45 
0.01 
0.00 
0.01 
0.05 
0.01 
0.01 
0.00 
0.01 
0.02 
0.38 
0.00 
0.01 
0.00 
0.01 
0.01 
0.00 
0.00 
