0.00 
0.00 
0.01 
0.19 
0.01 
0.02 
0.48 
0.26 
0.25 
0.26 
0.31 
0.30 
0.29 
0.22 
0.01 
0.01 
0.00 
0.01 
0.03 
0.26 
0.00 
0.01 
0.02 
0.00 
0.01 
0.23 
0.01 
0.01 
0.51 
0.27 
0.28 
0.30 
0.28 
0.28 
0.31 
0.29 
0.30 
0.00 
0.01 
0.01 
0.51 
0.01 
0.01 
0.36 
0.01 
0.01 
0.48 
0.25 
0.25 
0.25 
0.30 
0.25 
0.25 
0.26 
0.25 
0.26 
0.25 
0.25 
0.25 
0.24 
0.08 
0.00 
0.01 
0.36 
0.00 
0.02 
0.46 
0.01 
0.01 
0.16 
0.00 
0.01 
0.14 
0.01 
0.01 
0.00 
0.01 
0.01 
0.40 
0.16 
0.15 
0.10 
0.00 
0.02 
0.51 
0.30 
0.29 
0.29 
0.19 
0.01 
0.01 
0.41 
0.01 
0.01 
0.45 
0.01 
0.00 
0.01 
0.05 
0.00 
0.01 
0.01 
0.00 
0.01 
0.36 
0.00 
0.01 
0.00 
0.01 
0.01 
0.00 
0.00 
