0.00 
0.01 
0.01 
0.20 
0.01 
0.01 
0.50 
0.26 
0.26 
0.26 
0.28 
0.29 
0.29 
0.23 
0.00 
0.01 
0.01 
0.00 
0.01 
0.22 
0.00 
0.01 
0.02 
0.00 
0.01 
0.24 
0.00 
0.01 
0.52 
0.29 
0.29 
0.28 
0.29 
0.28 
0.30 
0.29 
0.28 
0.00 
0.01 
0.01 
0.50 
0.01 
0.01 
0.37 
0.01 
0.01 
0.48 
0.24 
0.24 
0.26 
0.24 
0.27 
0.25 
0.25 
0.25 
0.25 
0.28 
0.25 
0.25 
0.25 
0.10 
0.01 
0.01 
0.34 
0.00 
0.01 
0.46 
0.01 
0.01 
0.18 
0.01 
0.01 
0.12 
0.01 
0.01 
0.00 
0.01 
0.01 
0.39 
0.16 
0.17 
0.08 
0.01 
0.01 
0.56 
0.32 
0.28 
0.29 
0.19 
0.03 
0.01 
0.42 
0.01 
0.01 
0.46 
0.01 
0.00 
0.05 
0.05 
0.00 
0.02 
0.00 
0.01 
0.01 
0.38 
0.00 
0.01 
0.00 
0.01 
0.01 
0.00 
