0.00 
0.01 
0.01 
0.22 
0.01 
0.01 
0.51 
0.26 
0.28 
0.26 
0.28 
0.33 
0.29 
0.22 
0.01 
0.01 
0.00 
0.01 
0.01 
0.21 
0.01 
0.01 
0.01 
0.01 
0.01 
0.26 
0.01 
0.01 
0.51 
0.32 
0.29 
0.28 
0.31 
0.28 
0.29 
0.30 
0.29 
0.01 
0.00 
0.02 
0.49 
0.01 
0.01 
0.39 
0.00 
0.02 
0.46 
0.28 
0.25 
0.24 
0.25 
0.26 
0.25 
0.24 
0.25 
0.25 
0.26 
0.25 
0.29 
0.25 
0.07 
0.00 
0.02 
0.34 
0.01 
0.01 
0.49 
0.01 
0.01 
0.16 
0.00 
0.01 
0.14 
0.01 
0.01 
0.00 
0.01 
0.01 
0.42 
0.16 
0.15 
0.07 
0.01 
0.01 
0.56 
0.29 
0.29 
0.31 
0.19 
0.01 
0.01 
0.39 
0.01 
0.01 
0.47 
0.01 
0.01 
0.01 
0.05 
0.00 
0.01 
0.01 
0.01 
0.01 
0.38 
0.00 
0.01 
0.01 
0.00 
0.01 
0.01 
0.00 
