0.00 
0.00 
0.01 
0.19 
0.01 
0.01 
0.49 
0.26 
0.27 
0.26 
0.30 
0.30 
0.30 
0.30 
0.00 
0.02 
0.00 
0.00 
0.01 
0.21 
0.00 
0.01 
0.02 
0.00 
0.01 
0.23 
0.01 
0.01 
0.53 
0.27 
0.29 
0.30 
0.28 
0.31 
0.31 
0.32 
0.32 
0.00 
0.01 
0.01 
0.59 
0.01 
0.01 
0.38 
0.00 
0.02 
0.48 
0.25 
0.29 
0.24 
0.24 
0.25 
0.27 
0.24 
0.24 
0.25 
0.26 
0.25 
0.25 
0.29 
0.07 
0.01 
0.01 
0.35 
0.01 
0.01 
0.50 
0.00 
0.01 
0.15 
0.00 
0.02 
0.12 
0.01 
0.01 
0.00 
0.01 
0.01 
0.39 
0.18 
0.15 
0.08 
0.00 
0.01 
0.53 
0.29 
0.28 
0.28 
0.25 
0.00 
0.02 
0.39 
0.00 
0.01 
0.48 
0.01 
0.00 
0.01 
0.05 
0.00 
0.02 
0.00 
0.01 
0.01 
0.39 
0.00 
0.01 
0.01 
0.00 
0.01 
0.00 
0.00 
